627258501
627246284
626988906
626948627
626763866
626736688
626568570
626566043
626551617
626459592
626371201
626232851
626086177
626038338
625828094
625821789
625766296
625738963
625738331
625716199
625702040
625510241
625459626
625438807
625337816
625250601
624933835
624831637
624789137
624777945
624776162
624755602
624738840
624710453
624692829
624667881
624666336
624638662
624632393
624618366
624567383
624531915
624530736
624449966
624299549
624266737
624241187
623977195
623896341
623894382
623630673
623604828
623592028
623404865
623345370
623326104
623312982
623266580
622933707
622832263
622789665
622778860
622736189
622732293
622581637
622504643
622297788
622262692
622203502
622192555
622051435
622039221
621726703
621719128
621718779
621448961
621351402
621122352
621049373
621047171
621041286
621026785
620925196
620841715
620785392
620660361
620601413
620475383
620431620
620403565
620306442
620290446
620200388
620193064
620121054
619708657
619499474
619215703
619134584
619121468
619098168
619060977
619025289
618953474
618933796
618885742
618827379
618599307
618568085
618479543
618464247
618386879
618386145
618218822
618203272
618192589
618163941
618066404
617949695
617909225
617664581
617624341
617479861
617430440
617353181
617303055
617272036
617129345
617108087
616945491
616775346
616760003
616729729
616708948
616626558
616499158
616489862
616489380
616479817
616469821
616443733
616387282
616380692
616378971
616238709
616222152
616199019
616135008
615889858
615820254
615544099
615535126
615510063
615451378
615450592
615429616
615421821
615412487
615383238
615146659
615113199
615000813
614945299
614906162
614901230
614848797
614660785
614654508
614531088
614436901
614387739
614233063
614228280
614173428
614129071
613944011
613891255
613878413
613765839
613748076
613675336
613548834
613520458
613500689
613498918
613464030
613425417
613367777
613253870
613213434
613164088
612953600
612935062
612916166
612894335
612891611
612816439
612800625
612790830
612706598
612683076
612670113
612649086
612630717
612599187
612590731
612509691
612507472
612396963
612347910
612273478
612242863
612193042
612189266
612155373
612101198
612094882
611964516
611857999
611781849
611681133
611679185
611603904
611602854
611565916
611559547
611434493
611360821
611189996
611134870
611128662
611112501
611067886
611063470
611035856
610995932
610773948
610456936
610410188
610374826
610330410
610190322
609981720
609975749
609913805
609897043
609860170
609797322
609732100
609707187
609542754
609497696
609353747
609314366
609312018
609311958
609265728
609225132
609159347
609149225
608382028
608369765
608358962
608065988
607809086
607786173
607717913
607573436
607533473
607517267
607482658
607284420
607272685
607207045
607199149
607087864
606951989
606941515
606830835
606755873
606345160
606299833
606006915
605933979
605677326
605580079
605542657
605520152
605469647
605298234
605263546
605248538
605134930
604939289
604767652
604161576
604073045
604031448
603997743
603758737
603677428
603640270
603590863
603487942
603476591
603312235
603254438
603109827
603035023
603030049
602990226
602989543
602962520
602721648
602611560
602597580
602591357
602343143
602270342
602154509
601872579
601844519
601821665
601769216
601708573
601610900
601555802
601499085
601459096
601283644
601244051
601187037
601141247
600931179
600832180
600821055
600500518
600450846
600378043
600306498
600269750
600250725
600248029
600238988
600081777
600051220
600026751
599923069
599800220
599682850
599659421
599438554
599347582
599154916
599152448
599129043
598876907
598836483
598822524
598639415
598628872
598618516
598460814
598458189
598398434
598203836
598168999
598142700
598130641
597924368
597765543
597748141
597638519
597618813
597577121
597521400
597418873
597240784
597181519
597093667
597081590
596981231
596892854
596840464
596833306
596675919
596647824
596641159
596640413
596633793
596619443
596591928
596588583
596577015
596475925
596379871
596352789
596305162
596268932
596256133
596254502
596170605
596132804
596041834
595976073
595972973
595932315
595812342
595772432
595474349
595344827
595321903
595299233
595291517
595286528
595276915
595275162
594997624
594898132
594851342
594799970
594421000
594383148
594223767
594142582
594138954
593966907
593942960
593855103
593766538
593733114
593637203
593546100
593514850
593498220
593348072
593313350
593172931
593109049
593069524
593006934
592846587
592732147
592635552
592591787
592473853
592399885
592337815
592161851
592105411
591892751
591840258
591801216
591508665
590792616
590792260
590788061
590717666
590690930
590686897
590561747
590541317
590388345
590288813
590268493
590237218
590231112
590212858
590143406
590143032
590064856
590056553
590053924
589970142
589801382
589800817
589791297
589768676
589762826
589691675
589582697
589567071
589443190
589414805
589407264
589382052
589314016
589288478
589249638
589171029
589083355
588968903
588923959
588890979
588788497
588743436
588739138
588717219
588714250
588564271
588552590
588388236
588356906
588312733
588247553
588189707
588139856
588115149
588074025
588074045
588074019
588074022
588073998
588074001
588074004
588074007
588073988
588073994
588072535
588018315
587932240
587925501
587912563
587836937
587819661
587785271
587717490
587705261
587692808
587667217
587566412
587564702
587505053
587286505
587224323
587100569
586965239
586963805
586834745
586662106
586559946
586539056
586452947
586448111
586420292
586396030
586363686
586349488
586332685
586289434
586274440
586273660
586213471
586048370
585858334
585823095
585801870
585767414
585751814
585739630
585639728
585565786
585554308
585533025
585431745
585429934
585376416
585356995
585329338
585316074
585261804
585239908
585098728
585079447
585053779
584975595
584925152
584869191
584858996
584848021
584818212
584817810
584624074
584612511
584606176
584605771
584533376
584478821
584333969
584315833
584150075
584038369
584014856
583795598
583761000
583704058
583684548
583634549
583579747
583521161
583423983
583226559
583201526
583159838
583150950
583133410
583130500
583078640
583002475
582996855
582957327
582909302
582868897
582855712
582848624
582817718
582797982
582759722
582688477
582533928
582521003
582493612
582444148
582436949
582427619
582405554
582393023
582392708
582388461
582360007
582357324
582318275
582236977
582223418
582205152
582050491
582049699
582023120
582014694
582013752
581962202
581868754
581796801
581785403
581781916
581768845
581754330
581721877
581656182
581653741
581649154
581620400
581556651
581550297
581534550
581529082
581517272
581481224
581417959
581408229
581389175
581386513
581337775
581331441
581331255
581331094
581276894
581195245
581122451
581016496
581000376
580993713
580993669
580991782
580989904
580940577
580868642
580856025
580847560
580787345
580757885
580722033
580618352
580556560
580511604
580491972
580485938
580466377
580450437
580335015
580238796
580190194
580175878
580076281
580068671
580028750
579906965
579897863
579887754
579832639
579801920
579636859
579566187
579482491
579373100
579365262
579339797
579305443
579254162
579252299
579245607
579207115
579004353
578872397
578867866
578741177
578717906
578603349
578602754
578597308
578596696
578593866
578587806
578583091
578476066
578467874
578444439
578441189
578417146
578413515
578177017
578134707
578113049
578088559
578068526
578051761
577818888
577810495
577792395
577791720
577790135
577768744
577416285
577391436
577377328
577327872
577324292
577313713
577212341
577210488
577197398
577144697
577113348
577094929
577039386
576935822
576930776
576884489
576882371
576869426
576861873
576836964
576782585
576658251
576618632
576617850
576616142
576604222
576593106
576544378
576543169
576517264
576479751
576310642
576265649
576156349
576143461
576131777
576120549
576104438
576097822
575965625
575859590
575852615
575821794
575805755
575763303
575755760
575714860
575620103
575610207
575551540
575523488
575473198
575313679
575264907
575248866
575237844
575199333
575085208
575078779
575043342
575010813
574972633
574933124
574872854
574857876
574753434
574722124
574647500
574580296
574563367
574484872
574473010
574472916
574472806
574472566
574456502
574399701
574387404
574363822
574288565
574252595
574167027
574133141
574028967
574015309
574008059
573999356
573996256
573977463
573961305
573946734
573932640
573905041
573774042
573768446
573758037
573736654
573649246
573622948
573522855
573518039
573499999
573288458
573206402
573163951
572956730
572887997
572880070
572859031
572814655
572813569
572739612
572537894
572526507
572514803
572492568
572219593
572166633
572117380
572073602
572020138
571951411
571888527
571856747
571842303
571770664
571770325
571752493
571714934
571678940
571623850
571528468
571382970
571353362
571227672
571217429
571159475
570931298
570928673
570859575
570843883
570744383
570712915
570666748
570652956
570625112
570551729
570495230
570480614
570453497
570386710
570254745
570171903
570054121
570046158
569961279
569715857
569680922
569558765
569558010
569533122
569518789
569511199
569510276
569500284
569419470
569413850
569413777
569413568
569400865
569231909
569217189
569201251
569169283
569069733
568848669
568761452
568712861
568647202
568489689
568469927
568362918
568258891
568184229
568135300
567954257
567764677
567741189
567667223
567568759
567424178
567285736
567238164
567215531
567122600
567088284
567028527
566970317
566719374
566590087
566567746
566567103
566545299
566537287
566500322
566408129
566352555
566306463
566219686
566130256
566111630
566096975
565965925
565910739
565695522
565650048
565643289
565626546
565516900
565513963
565512370
565478533
565410771
565364857
565208975
565143204
565101649
565100994
565091368
565043875
565006066
564977032
564970451
564931106
564810739
564701796
564654055
564637422
564604026
564523695
564483840
564434005
564409374
564405463
564389430
564370804
564350412
564313110
564290718
564117416
564052745
563974457
563926434
563846372
563830206
563823494
563687239
563580980
563567260
563551278
563500690
563496933
563488816
563447979
563427709
563353047
563345476
563328903
563249993
563140442
563024591
562954670
562929159
562647159
562638318
562635590
562614906
562477093
562405324
562229154
562172417
562157568
562123810
562117835
562062357
561860872
561803438
561776761
561744622
561740370
561633183
561604380
561565433
561540245
561444901
561397031
561329957
561226157
561209647
561165713
561082004
561066076
561048051
560954811
560953755
560941524
560748539
560668850
560660333
560626083
560591413
560490104
560459537
560455291
560450313
560345480
560266429
560236272
560231087
560188592
560155460
560147221
560141802
560057071
559874713
559763427
559616030
559419831
559383749
559297966
559273388
559028521
558959994
558944683
558912328
558898765
558787490
558763614
558739231
558700292
558656806
558628637
558628285
558600907
558573640
558478082
558469255
558468335
558468219
558463822
558461709
558334690
558289218
558279427
558156042
558060196
557972928
557961353
557957911
557875750
557796889
557780768
557776142
557665513
557629627
557607803
557476843
557439186
557398149
557390348
557381668
557364472
557343119
557291160
557290377
557269444
557106145
557089114
557035291
557001061
556992736
556908714
556805520
556764017
556760515
556694222
556683212
556679235
556670121
556653807
556632757
556441059
556432228
556352706
556280285
556260887
556256859
556247546
556244460
556170400
556125012
556122526
556109988
556058974
556057117
556048687
555957250
555941827
555935438
555832191
555660781
555605976
555602220
555488032
555465886
555433898
555433797
555418756
555399015
555371740
555306495
555301848
555251053
555103291
555070402
555016700
554983256
554875171
554867902
554814567
554804956
554699833
554690662
554686510
554590974
554552484
554491440
554459553
554453648
554294808
554227134
554225347
554210891
554205276
554138710
554103106
554054239
554052656
554022948
553914180
553862323
553795946
553761352
553714979
553666381
553595442
553587539
553572970
553572908
553510351
553500451
553489550
553453214
553447227
553347990
553347758
553315642
553289233
553154575
553092779
553053020
553042741
552890018
552884081
552857797
552770517
552748183
552711425
552616937
552412799
552368044
552307746
552301607
552208022
552148587
552143672
552131959
552091698
552089788
552064052
552063597
552043683
552041934
552018200
551972224
551679754
551655101
551651550
551596489
551583893
551545205
551536813
551534002
551514701
551423223
551410052
551407873
551400733
551347268
551327946
551309779
551272392
551268287
551227573
551227112
551196363
551170681
551149864
551139976
551097215
551070498
551044865
550944938
550936434
550930651
550918923
550911668
550907381
550893284
550886901
550819203
550811723
550732379
550724670
550719833
550674787
550668165
550663463
550608700
550605111
550456121
550404348
550394588
550373438
550307734
550288275
550262492
550254449
550223689
550172137
550129199
550122390
550121347
550070739
550059749
550022170
549990518
549989933
549869016
549761650
549759440
549698431
549692629
549653831
549560597
549557429
549480309
549390847
549345409
549305342
549301899
549287872
549286713
549175115
549110233
549073649
549061072
549035158
549002447
548983520
548972780
548941225
548939004
548884799
548883954
548870648
548850705
548754614
548670965
548665052
548551908
548549643
548540070
548440298
548382971
548361473
548287961
548273630
548267858
548234424
548203172
548154331
548099672
547819298
547805144
547668796
547661637
547570278
547541418
547533953
547517421
547486638
547463426
547385331
547337383
547317826
547303094
547215719
547160589
547147729
547124425
547065777
547049619
547025100
547017880
547006197
546942448
546808698
546763031
546728774
546703163
546637037
546612758
546593105
546576965
546563088
546532634
546524916
546395539
546384505
546382223
546285817
546017200
545984594
545878896
545875989
545870216
545859850
545832900
545827080
545796694
545790556
545770237
545770025
545753155
545677169
545596080
545578740
545565875
545504571
545496922
545432078
545426179
545299301
545273379
545247830
545244177
545160674
545145860
544998139
544994517
544847718
544833279
544823399
544660411
544639820
544551704
544540869
544539787
544529371
544514792
544509454
544467554
544456201
544404678
544353704
544322646
544254821
544237367
544236135
544233382
544212319
544205440
544199682
544166860
544159714
544159402
544107815
544106000
544067420
544064073
544061907
544060550
544057878
544008654
543994066
543981877
543922551
543920453
543907945
543887794
543875097
543854403
543827409
543813831
543796910
543745686
543612761
543585043
543569560
543558518
543511412
543505828
543430223
543377268
543352338
543299851
543298213
543296813
543164777
543123520
543103881
543101326
543077587
542999056
542980974
542920703
542910018
542759710
542701614
542574476
542569389
542389052
542250146
542216104
542181274
542161390
542140906
542120995
541943370
541839111
541801193
541764741
541695522
541658966
541657430
541637929
541621999
541618540
541618133
541603108
541573479
541570015
541565800
541555581
541552249
541506015
541481373
541473741
541411166
541327410
541261951
541253685
541221118
541201713
541171834
541154065
541038861
541020053
541017676
541016781
541014816
541006529
540996560
540946543
540916853
540892484
540879914
540787838
540760714
540738803
540727270
540713629
540702781
540701861
540660483
540601425
540564064
540546487
540546165
540502708
540502255
540459555
540455077
540444525
540394828
540289086
540285543
540231518
540218338
540214391
540195069
540139626
540046198
540042435
540026551
539993469
539966350
539916092
539894528
539821014
539777991
539750331
539683064
539645185
539510575
539431476
539398494
539312279
539261852
539260927
539260674
539188708
539170795
539164490
539136672
539078793
539070644
539012928
539010698
538995969
538980887
538914142
538902923
538890767
538890051
538826759
538826264
538793885
538785449
538783427
538766260
538743271
538646777
538630757
538597993
538511969
538511156
538510528
538455555
538344220
538336111
538294945
538283913
538282704
538216589
538197036
538195225
538184074
538161577
538160211
538157790
538141721
538014838
537975076
537874643
537863476
537813098
537785693
537765874
537747743
537734833
537728171
537719949
537704553
537678632
537659534
537576381
537564699
537549239
537377874
537374170
537368935
537310926
537289762
537247978
537237128
537228303
537228214
537207711
537168160
537149849
537149636
537149499
537142069
537062044
536909110
536841159
536837004
536825372
536648912
536600611
536569117
536444633
536407500
536368165
536194615
536177101
536100059
536021130
535998483
535991918
535985048
535969327
535968814
535959553
535953056
535951556
535941483
535920137
535910758
535905748
535750240
535715241
535685926
535608269
535606502
535570457
535546749
535455152
535442579
535397506
535325157
535320509
535319810
535307563
535252615
535181166
535113589
535073855
535025448
534974458
534940695
534901690
534898557
534861651
534846420
534844140
534816298
534802329
534760313
534756382
534695764
534630936
534568041
534510631
534498636
534478901
534458836
534400843
534399190
534383359
534372407
534351440
534333989
534327991
534231657
534231591
534231490
534231371
534217203
534210949
534209420
534169383
534101202
534053796
534034951
534003138
533977474
533968570
533938269
533920097
533910579
533883125
533811137
533772917
533760676
533754630
533708731
533632260
533630023
533574492
533566092
533561822
533501815
533470421
533444593
533441694
533418029
533401134
533357238
533307805
533156666
533141560
533137308
533117839
533065644
533027792
533026852
533025929
532986554
532967333
532935600
532934943
532909433
532789298
532776636
532740859
532557033
532442987
532435242
532403260
532401923
532397556
532387692
532380785
532380352
532358393
532310356
532296658
532167357
532135172
532119707
532090692
532046028
532028237
532022864
531936315
531919547
531897361
531879603
531857854
531844400
531819460
531743484
531710952
531676987
531660402
531656395
531612898
531591779
531582936
531561484
531558052
531550846
531547570
531544763
531537235
531530099
531492437
531483524
531481148
531461212
531437590
531432794
531418370
531417743
531388519
531373407
531371816
531371774
531317823
531312192
531288392
531258250
531238356
531183399
531182752
531163252
531135936
531117082
531085009
531071889
531058677
531052481
530957448
530955558
530953778
530893906
530893006
530892273
530888925
530869845
530856305
530853744
530836293
530747368
530736867
530736739
530725113
530720536
530699052
530686684
530671143
530639235
530638694
530636797
530598541
530557169
530556484
530554555
530499987
530499950
530499383
530478630
530468997
530442845
530392571
530378785
530372158
530367859
530311482
530200514
530186829
530186605
530168639
530143127
530082572
529996060
529912138
529855533
529814760
529730153
529723815
529716182
529710989
529694365
529670474
529668718
529661229
529482775
529425938
529394066
529320169
529276765
529254640
529225393
529215346
529191937
529145909
529141126
529140762
529138434
529089071
529064900
529046706
529046691
529024399
528899525
528897629
528815209
528795078
528785365
528764377
528735058
528732600
528719196
528701303
528695607
528695059
528688925
528684433
528649890
528625849
528591338
528558002
528520006
528485317
528477804
528472686
528472649
528472597
528472549
528472502
528454428
528423067
528359248
528328604
528323203
528317840
528307754
528303673
528287794
528286344
528285744
528224649
528212721
528210533
528203427
528181116
528166556
528160523
528151320
528116789
528112079
528046155
528035369
528001668
527956170
527810901
527748155
527703828
527695133
527693494
527691215
527655863
527630019
527622071
527607872
527603581
527593891
527592797
527568168
527563127
527553363
527386736
527366679
527366587
527334288
527332036
527305635
527298587
527294010
527253230
527239391
527218462
527208368
527185154
527174519
527163923
527162750
527146415
527141609
527140782
526974204
526906220
526861743
526849340
526848134
526846051
526845089
526794537
526689468
526687239
526676161
526665801
526659865
526597601
526595056
526593874
526583721
526557831
526525007
526504132
526490283
526456675
526449237
526413148
526412285
526411445
526394750
526370221
526344768
526327741
526269118
526203422
526198088
526190125
526186785
526157140
526138007
526134399
526116893
526051514
525983941
525962796
525910411
525893849
525855522
525845894
525824808
525793441
525778468
525758313
525744224
525742097
525698946
525667636
525634965
525529462
525454305
525420025
525364215
525361899
525339888
525324896
525308892
525308205
525299300
525275593
525264437
525228041
525219060
525217270
525214929
525191111
525188838
525176674
525160249
525137448
525137307
525126610
525006343
524993133
524989555
524955232
524950477
524924151
524921159
524894693
524859335
524815923
524803490
524789043
524769281
524749337
524701215
524678123
524677621
524647001
524608615
524524412
524521667
524519981
524513076
524506124
524500781
524490552
524488053
524485039
524483924
524480585
524460209
524447895
524439663
524406283
524388972
524332883
524300568
524295407
524285480
524278403
524266356
524240776
524216829
524207378
524195074
524191046
524169318
524154065
524115265
524087205
524066004
524061642
524057170
524025575
524018845
524016184
523989667
523985520
523977129
523976806
523962798
523900053
523864964
523861186
523855224
523854826
523848500
523842566
523825659
523808981
523798379
523796851
523790319
523750481
523748228
523747397
523746231
523729918
523728417
523700028
523692615
523683489
523652112
523572512
523554033
523540365
523534966
523514916
523502736
523500349
523494746
523466711
523450930
523441908
523421617
523373844
523349433
523336957
523289050
523276271
523243723
523199554
523165592
523165101
523144950
523120793
523101063
523090214
523075244
523072972
523070353
522997708
522913023
522905529
522898835
522865292
522857620
522856367
522847349
522822042
522808692
522780883
522780027
522772991
522753406
522746517
522743445
522739407
522709984
522702013
522698874
522667367
522663029
522662011
522633754
522573607
522569951
522568646
522568287
522565093
522563275
522561813
522542519
522531006
522526621
522526381
522469168
522426289
522425588
522424402
522408039
522399231
522331548
522326838
522317078
522308821
522298329
522295060
522267005
522195065
522183116
522136823
522125567
522112741
522093106
522090087
522087913
522087253
522056267
521991025
521961114
521956214
521946079
521892454
521890001
521887297
521874035
521856340
521850684
521786757
521777831
521777598
521776781
521776262
521767808
521760857
521738724
521711719
521670148
521666458
521639759
521578506
521575054
521573343
521571661
521559261
521539861
521534271
521521843
521518207
521513593
521494771
521468928
521459785
521447233
521419590
521403327
521401585
521395933
521366410
521329999
521307875
521306098
521299302
521281198
521239391
521227596
521217776
521214080
521213311
521208861
521208607
521204770
521200391
521194519
521187540
521165458
521154532
521148386
521145638
521144755
521143766
521137039
521134817
521104789
521091078
521090407
521060485
521054464
520998835
520983788
520982557
520977164
520975837
520965537
520950428
520949812
520944170
520931869
520921293
520915843
520914384
520912610
520908150
520899971
520898976
520886042
520874658
520861134
520826397
520819616
520816753
520808997
520805982
520780051
520777119
520747522
520740946
520736722
520734149
520733423
520713973
520713463
520709090
520706879
520701781
520685613
520682693
520676115
520667428
520666006
520657902
520653827
520646800
520644168
520622227
520575325
520574490
520561534
520550000
520505229
520504391
520501623
520489070
520487898
520468865
520465620
520464494
520463627
520454658
520442474
520404734
520380560
520369915
520357528
520351848
520337454
520329864
520324480
520323126
520316968
520295904
520291149
520287561
520285478
520282596
520278619
520261367
520249786
520249270
520243590
520242984
520240529
520235177
520233102
520229336
520227393
520221874
520219782
520216407
520211372
520194883
520189613
520177432
520176879
520162346
520135895
520127623
520125762
520121944
520085038
520079254
520064423
520054416
520053699
520045752
520044232
520044010
520029779
520008308
520002168
519985682
519981894
519979069
519978504
519971936
519963923
519955663
519952598
519908758
519905643
519884586
519882446
519878327
519877928
519872145
519857953
519853332
519852876
519851808
519851618
519845622
519841807
519833246
519829897
519829816
519826697
519824699
519820577
519817133
519808248
519804657
519794020
519786133
519780385
519775277
519770896
519769046
519759282
519758105
519721863
519720969
519720161
519707139
519694669
519694526
519693852
519685890
519679147
519676099
519674339
519662986
519643381
519629620
519615426
519592957
519584161
519578259
519574957
519568669
519559426
519559028
519558306
519552417
519551193
519543113
519537669
519522982
519510537
519510123
519500853
519498589
519496862
519439839
519418814
519418106
519416990
519413922
519403539
519403471
519400037
519390151
519388593
519384779
519379859
519377519
519373348
519357463
519356598
519353186
519343982
519343310
519337031
519336215
519335671
519331323
519325443
519323593
519323037
519313145
519311215
519305882
519300297
519282015
519277293
519269156
519263688
519262692
519252353
519249846
519237398
519236887
519236669
519226091
519224975
519216437
519214899
519209757
519208223
519204757
519204665
519202570
519196757
519189663
519189100
519184441
519180205
519177660
519172546
519168550
519167284
519159294
519141364
519137558
519136250
519135437
519135101
519122241
519114458
519095901
519092922
519086696
519086685
519085797
519083083
519071045
519069327
519059064
519054234
519052613
519049114
519042297
519041761
519038144
519030359
519029465
519024957
519023914
519018939
519017039
519014848
518994750
518990141
518989972
518983697
518977058
518974974
518973505
518968596
518968326
518964489
518951894
518946195
518940109
518938461
518937173
518933074
518930669
518928201
518926171
518922606
518922249
518921334
518918158
518915935
518908692
518904948
518894797
518884806
518876385
518867984
518866978
518866694
518863356
518861957
518861101
518859520
518850276
518844151
518841303
518840165
518838924
518833947
518830596
518827930
518822645
518803800
518803358
518798080
518796563
518796469
518794978
518794552
518794220
518785804
518785371
518779541
518775052
518774078
518771358
518767817
518767012
518764169
518760873
518759831
518754215
518749927
518746037
518745015
518742470
518740977
518736525
518735752
518733242
518732878
518724248
518722707
518712515
518711613
518708618
518706807
518700796
518690930
518684942
518681856
518677930
518674103
518669690
518668570
518663005
518661824
518659612
518656409
518655880
518654021
518652193
518646397
518644749
518639875
518635025
518633326
518631998
518630499
518629637
518628950
518626753
518624063
518624000
518618429
518614623
518614491
518612945
518611636
518611304
518610265
518603560
518603141
518599395
518599237
518598203
518597497
518597423
518596224
518593271
518592525
518592286
518590584
518589969
518589077
518588358
518584548
518577722
518573067
518557906
518548781
518540240
518539378
518531448
518524234
518520171
518517593
518516832
518512223
518507847
518504544
518486830
518479941
518479789
518477482
518472225
518461704
518456423
518453816
518438910
518435385
518430020
518154706
518019178
517989568
517954648
517890704
517782095
517768915
517763863
517744066
517616200
517495172
517460415
517413716
517381343
517326536
517314973
517144881
517139876
517136323
517135400
517120021
517115482
517097680
517046141
517022842
517015232
516988507
516740938
516642795
516617710
516568027
516531118
516446381
516320531
516290338
516184835
516150544
516137891
516125946
516116475
516055866
515850835
515782995
515703286
515670592
515642201
515487143
515429175
515368080
515362621
515337527
515227723
515189947
515154583
515130094
514987519
514893721
514876446
514876205
514851718
514806043
514796547
514767976
514759546
514759358
514707894
514674610
514505997
514480410
514465884
514464242
514430659
514340909
514309259
513931108
513892267
513581759
513457404
513429380
513382228
513323803
513311417
513267150
513260364
513258604
513220857
513180854
513122957
513049529
512971881
512919951
512909424
512814581
512751493
512716872
512709057
512676191
512599336
512542816
512459289
512421970
512403945
512267058
512232601
512156371
512088638
512058170
512011105
511927568
511779898
511734414
511726025
511656657
511597416
511545813
511544810
511539919
511434144
511427122
511415790
511412875
511411651
511387089
511380924
511379866
511369574
511351114
511346405
511341379
511302897
511167362
511047445
510940391
510931024
510870011
510858247
510857826
510543828
510443212
510438042
510433626
510427576
510415614
510394120
510228812
510114950
510085767
510040248
509812432
509793557
509522155
509479152
509443693
509427069
509369570
509364996
509346195
509275077
509246452
509219793
509215889
509197608
509126638
509118395
509045763
508950887
508871754
508826528
508811403
508609029
508558556
508485242
508473748
508471725
508450641
508432473
508421645
508302811
508241544
508241274
508228861
508219341
508166370
508148851
508142771
508098763
508084678
508080762
508063203
508055277
508001693
507983889
507779976
507748050
507603554
507564476
507549561
507445738
507328336
507318563
507289808
507274539
507235771
507233432
507081126
506763563
506763046
506750665
506721997
506678063
506499987
506497243
506248368
506232144
506216133
506209540
506193705
506169941
506109690
506077089
506062029
506038579
505886833
505716325
505687823
505680339
505679606
505648214
505592273
505507746
505464094
505430274
505417483
505293243
505215866
505180385
505174668
505105888
504991621
504951581
504915896
504915545
504887330
504819130
504809931
504729816
504623380
504598660
504540903
504513329
504493273
504475625
504439220
504421500
504246519
504159368
504091401
504071098
504049215
504048695
504042482
503996950
503850841
503841282
503761285
503619044
503560585
503552593
503518838
503504346
503441130
503429710
503370762
503363266
503354758
503303862
503165624
503122229
503112805
503065090
503057483
503040012
502934488
502919319
502916069
502864528
502603944
502353617
502334515
502318141
502262504
502216546
502208824
502200124
502191779
502143277
502119807
502109563
502091857
501999310
501982774
501969209
501954519
501719999
501718606
501705432
501669383
501633715
501586720
501538667
501479215
501437833
501358526
501338984
501288632
501283862
501213128
501202708
501086400
501073238
501072569
500884942
500884469
500776084
500740161
500663356
500503168
500253391
500111755
499863243
499800902
499736938
499640603
499563528
499536664
499526228
499501765
499312856
499261291
499151390
499078523
498933245
498822538
498670542
498629024
498495581
498454486
498450758
498181957
497939307
497870751
497727045
497266362
497198522
497175486
497024215
496971717
496863335
496828100
496820542
496768064
496766789
496711956
496709242
496688857
496547613
496524039
496519198
496506116
496466696
496401072
496380349
496291684
496134831
496024210
496020927
496003291
495874672
495835981
495788904
495777414
495738903
495672652
495655946
495640968
495617838
495606672
495585503
495429459
495422244
495368700
495335889
495163152
495157519
495122519
495054837
494978410
494934008
494929144
494694404
494662474
494477933
494466511
494346764
494269013
494243283
494221710
494216527
494178116
494171351
494167355
494157331
493767157
493764793
493755088
493754764
493742202
493737833
493658541
493628923
493543609
493490661
493419885
493388781
493328838
493286764
493246732
493188438
493179705
493145901
493103594
492990703
492945413
492927803
492851949
492800492
492785251
492774680
492734704
492727483
492695260
492639252
492618602
492577723
492313374
492277674
492231732
492158135
491999418
491904907
491861291
491785611
491732676
491672986
491598185
491516332
491232954
491088284
490933581
490920160
490920174
490762678
490689443
490420205
490385505
490343939
490321992
490319618
490295051
490202106
490022586
489948835
489884128
489809577
489778162
489739404
489639367
489478532
489468862
489419808
489390772
489358633
489351159
489336905
489335853
489330727
489320570
489275816
489192632
489163351
489148802
489018667
489017528
488969183
488966160
488958974
488918359
488894755
488751186
488727566
488712689
488665255
488464332
488442523
488439192
488394126
488358709
488349841
488331254
488252882
488227923
488118486
488076037
487960197
487873020
487858807
487850177
487838256
487828779
487827507
487758874
487746758
487729874
487722580
487528804
487415037
487374478
487362566
487354382
487165415
487151687
487041995
487035290
487004184
486990449
486889519
486882793
486866754
486864490
486784258
486697208
486507928
486178269
486079816
486059313
485989241
485979466
485953205
485951237
485911900
485864522
485803685
485621864
485561166
485343745
485337915
485334705
485333987
485332253
485302046
485269574
485217872
485117493
485115940
485113427
485111032
485093884
485079576
485007450
484851626
484838369
484815903
484753676
484631236
484501482
484403943
484340798
484332017
484295756
484118773
484022145
483949018
483890577
483834538
483699536
483696448
483560890
483557248
483493278
483486100
483320611
483275673
483239841
483232083
483219412
483147180
483140810
483131054
483024348
482927461
482916479
482876298
482861141
482858623
482830373
482823855
482744646
482687722
482680824
482650995
482622150
482602776
482520171
482510286
482482353
482389182
482379830
482353614
482265119
482219183
482211286
482182631
482074153
481986229
481833229
481777862
481761338
481717057
481659373
481483764
481471669
481425435
481340722
481324138
481319866
481299150
481298381
481293681
481238199
481193036
481081626
481021427
480890548
480816016
480791341
480663406
480592931
480521149
480494253
480492742
480474231
480473243
480469762
480444881
480413292
480367359
480296532
480206284
480189599
480071702
480070905
480058427
480007473
480000965
479996349
479992174
479987053
479982788
479977779
479901686
479898582
479832763
479715812
479644705
479458656
479426622
479408377
479379347
479321810
479314258
479294230
479273084
479268824
479244845
479180353
479168771
479163139
479106346
479101414
479079637
479079456
479079267
479078983
478993256
478941653
478844574
478829793
478783165
478748999
478666877
478629222
478624976
478485964
478485556
478463877
478451047
478435511
478398987
478383498
478372391
478145035
478140974
478055697
477987128
477936157
477884227
477828680
477808944
477803123
477781556
477781546
477765039
477573048
477546999
477443353
477440798
477406034
477231088
477210909
477114678
476919390
476787729
476782433
476765010
476739325
476619818
476607468
476559092
476476673
476471606
476467590
476427102
476422976
476388550
476387805
476381234
476368611
476358964
476338653
476325040
476316275
476313579
476305733
476282808
476273150
476257284
476096123
476075477
476062109
475974122
475968059
475936416
475875363
475873933
475843047
475837661
475833579
475767562
475733475
475654557
475654187
475640709
475634581
475634320
475619016
475592471
475566012
475531748
475524793
475454697
475411521
475403290
475383174
475270072
475212692
475203393
475192162
475170016
475106267
475096822
475073147
474992694
474990510
474989638
474983507
474982811
474980922
474973495
474965726
474884985
474793235
474782638
474739271
474720257
474608588
474568978
474558194
474513210
474508031
474449304
474430286
474345062
474332788
474328660
474294062
474262451
474216011
474179513
474175256
474107288
473973472
473970110
473969755
473951573
473935535
473925016
473924758
473752431
473749972
473660580
473654832
473618868
473586412
473471464
473454561
473447423
473444110
473420354
473410308
473407762
473405823
473346993
473318377
473289462
473269800
473269242
473249653
473243359
473232455
473199356
473113493
473048184
473017418
472979642
472951385
472939805
472931381
472920335
472890075
472761843
472678464
472647320
472599335
472589871
472578480
472532902
472338373
472290922
472213323
472193658
472156034
472130800
472107517
472094997
472000863
471884404
471761513
471758758
471756675
471658416
471643400
471629234
471626518
471618574
471613485
471410910
471407575
471393343
471380661
471332633
471290102
471275766
471214107
471211706
471169499
471159654
471150749
471085072
471076643
471072287
470919117
470918804
470901343
470895052
470890469
470889998
470877931
470862150
470820743
470747408
470727136
470711375
470710575
470616605
470474212
470426652
470418858
470413346
470412550
470340383
470281404
470244390
470230033
470223050
470208894
470199937
470163328
470133957
470107269
470066819
470018772
469894353
469890228
469869706
469864316
469862494
469856215
469841056
469684398
469583073
469571954
469400857
469360588
469346483
469340353
469318153
469298046
469293731
469247300
469159624
469037841
468889862
468859951
468825951
468819151
468814478
468809837
468800707
468782985
468715879
468708064
468689830
468627158
468590101
468575842
468498932
468492243
468392348
468364943
468308335
468267567
468231385
468228237
468166711
468131827
468046139
467981573
467930273
467861753
467854758
467853874
467819582
467770408
467711770
467685364
467657657
467644809
467614474
467359301
467356391
467309019
467181518
467173377
467173299
467157329
467157028
467049732
466996995
466916537
466856507
466768018
466753408
466690726
466644554
466460693
466342846
466317487
466238117
466175363
466156582
466060390
465971760
465968247
465876291
465784811
465766503
465762108
465740878
465738108
465716381
465702692
465624997
465618150
465533943
465491134
465410052
465331990
465320887
465223169
465221853
465197807
465187609
465114635
465098640
465072314
464951408
464946872
464933672
464776343
464749117
464737735
464696601
464341385
464288268
464280596
464277806
464262432
464255325
464253035
464157341
464122564
464066369
463969112
463738361
463724280
463695270
463656322
463651774
463624598
463616713
463587223
463561018
463425536
463389381
463286522
463212718
463211270
463207904
463196907
463194280
463179812
463175690
463172607
463171863
463054764
463026483
462972633
462972430
462906114
462842076
462797072
462722987
462696765
462671513
462660246
462521236
462512774
462501358
462425293
462330236
462298894
462208968
462089598
462050867
462022621
461982505
461957360
461916889
461843515
461831558
461744299
461704675
461621776
461613039
461590891
461536719
461362354
461339909
461289203
461255251
461180452
461099300
460962350
460939383
460926701
460765313
460699255
460623132
460574586
460570281
460565512
460565408
460471053
460426132
460375421
460337632
460319757
460200880
460116856
460104404
460059814
460010113
459932905
459835186
459699019
459698966
459669791
459637813
459607612
459544310
459483517
459425781
459414410
459392272
459391348
459386325
459376715
459364593
459328391
459169377
459043824
458942707
458894613
458854134
458794349
458767896
458523671
458483628
458463739
458433306
458396580
458349569
458231360
458071810
458070653
457972737
457972728
457941200
457940942
457894449
457876782
457856576
457739032
457711320
457684925
457531501
457461605
457427152
457426945
457394670
457320941
457292162
457277189
457228352
457217288
457115623
457078155
457031243
456987921
456987311
456978550
456943041
456931124
456911868
456735077
456673375
456671345
456549243
456456937
456434614
456422388
456419366
456357778
456322419
456317607
456275046
456274494
456267250
456256497
456101695
456065386
456052372
455983102
455980856
455956948
455950694
455860281
455840203
455726198
455685485
455538138
455441894
455388534
455378063
455282014
455219958
455209141
455007823
454890712
454877009
454862964
454837565
454820825
454606257
454590497
454531879
454485133
454468635
454380333
454331250
454326556
454286155
454221612
454220960
454217431
454178406
454066125
453958484
453919562
453906046
453864267
453737074
453644527
453606226
453478350
453447779
453403506
453399717
453347918
453317047
453311674
453304727
453298880
453277416
453211517
453177372
453153067
453142521
453139652
453073320
453046986
453030211
453013715
452934981
452846038
452839083
452830619
452815855
452811215
452741976
452733020
452661355
452623961
452526520
452406693
452396752
452298597
452205245
452184261
452155865
452152076
452107676
452092686
452062585
452022008
451967158
451964515
451895795
451877665
451877554
451876434
451873439
451859176
451834076
451619233
451593824
451570388
451530885
451518405
451310856
451285088
451253353
451225357
451085272
451070613
451058628
451030046
451007215
450985733
450975435
450969633
450961012
450825291
450759164
450726449
450699966
450593460
450507246
450506178
450506076
450496111
450489425
450478604
450462311
450459628
450449449
450449026
450435135
450373759
450330726
450276296
450231796
450227532
450207903
450165780
450162666
450128851
450125508
450088509
450071292
450048045
449976457
449945532
449932093
449921180
449862207
449854446
449808456
449796525
449794463
449763266
449760984
449744360
449739924
449731073
449708839
449671187
449669604
449661324
449660076
449603862
449600471
449585400
449420637
449393948
449381275
449355127
449350648
449300032
449201498
449168578
449116892
449083918
449048845
449031416
448924385
448917899
448901190
448863274
448812211
448795884
448776477
448623402
448591210
448511170
448494725
448491596
448453850
448416648
448405531
448395354
448384984
448380644
448377355
448365943
448353605
448353545
448350229
448349192
448332927
448250864
448246755
448229873
448224437
448196509
448102915
448091354
448089265
448079311
448032572
447949533
447923223
447912279
447701790
447637703
447610272
447607023
447604368
447500921
447484873
447473196
447277020
447239806
447232307
447226975
447219033
447217959
447213719
447179518
447028941
447024553
447009579
447005122
446937669
446920422
446904429
446721775
446672082
446671457
446659688
446638856
446560578
446535958
446507181
446491099
446410818
446389337
446388589
446363941
446347510
446304944
446299236
446286790
446221216
446127211
446111714
446031435
446013372
445978718
445945463
445939920
445930535
445870012
445746735
445733592
445684400
445661428
445569509
445544847
445544599
445514400
445511299
445470007
445418470
445407697
445374652
445329518
445313607
445285800
445279990
445211977
445118878
445013089
444938336
444924721
444899469
444893317
444794204
444755618
444719320
444707321
444680398
444673286
444667070
444640245
444441586
444439967
444419201
444361510
444348742
444337051
444333447
444290513
444201665
444168365
444150221
444123342
444069468
443899721
443881909
443872534
443858024
443857175
443844697
443825522
443771109
443756047
443664977
443650604
443633305
443631270
443628183
443627240
443619627
443599719
443596283
443583941
443535073
443522471
443491967
443462756
443452985
443444516
443429359
443393018
443297796
443274148
443272355
443215514
443205895
443183473
443148930
443091982
443070864
443065044
443016896
443011260
442978110
442963058
442949074
442927645
442912080
442902673
442901552
442776450
442689236
442654457
442654288
442634950
442605074
442592295
442585270
442537492
442535747
442484430
442480413
442432417
442417815
442322209
442300623
442001573
441982717
441982496
441959105
441947167
441946245
441940352
441924819
441882748
441878216
441873654
441860149
441774394
441684122
441545410
441526833
441501239
441474308
441384777
441181228
441167684
441075988
441040861
440971733
440858221
440831710
440811519
440797229
440784280
440782021
440781912
440777595
440775467
440768650
440763480
440751889
440739389
440739344
440724291
440715959
440595168
440533028
440436247
440407789
440393767
440329412
440319905
440296124
440256236
440249387
440215043
440152342
440131412
440009512
439999245
439943515
439941727
439883221
439701682
439672889
439663628
439633907
439615161
439606921
439577881
439476924
439473233
439305925
439292436
439275010
439201946
439196722
439187762
439148125
439111732
439087960
439076778
439033559
438906167
438877669
438824510
438762635
438698819
438698411
438644967
438609291
438582890
438506921
438457615
438440153
438437262
438355888
438332747
438272040
438255686
438249083
438246679
438233069
438219581
438218030
438164495
438161546
438085360
438080037
438036240
438030228
438014058
438013117
438005316
437997193
437991730
437990384
437965291
437963679
437855933
437850058
437842039
437830374
437827836
437801745
437799973
437748695
437649202
437642589
437617572
437616016
437614516
437583314
437498741
437485613
437458324
437447794
437436913
437435183
437424012
437419749
437404311
437400764
437358554
437280781
437139491
437103592
437101370
437099376
437091730
437071900
437068437
437059740
437042430
437039673
437033881
436979392
436976021
436957463
436928994
436916309
436901268
436885210
436843981
436825508
436797758
436780980
436779645
436779437
436723665
436713532
436711665
436710918
436702423
436681197
436671170
436663009
436661902
436653416
436642703
436621503
436597985
436554209
436535581
436532091
436530834
436529332
436526884
436521671
436498358
436487788
436476100
436475745
436468074
436461057
436438532
436407364
436366759
436359734
436358744
436322656
436263579
436212416
436198733
436154919
436154383
436150384
436084226
436059384
436041939
436040856
436016700
435995894
435989799
435924431
435866994
435818745
435817422
435817207
435802067
435768801
435762439
435755194
435754536
435712377
435700856
435692027
435691805
435681574
435665256
435646683
435619686
435575989
435525077
435523831
435501817
435479371
435469396
435455929
435445752
435439465
435439063
435438224
435435445
435430764
435429861
435385007
435380289
435370257
435360496
435295568
435239616
435237778
435235346
435233205
435232770
435214947
435176315
435131913
435123964
435121983
435116137
435109114
435092388
435091239
435087775
435087457
435082994
435077018
435069525
435054914
435054520
435032606
435023958
435002936
434974921
434951079
434935088
434919423
434905811
434903584
434900995
434889181
434877940
434875590
434870405
434865793
434839959
434826963
434784889
434771951
434751476
434745861
434726311
434722142
434711371
434692720
434673964
434640333
434611994
434558075
434515960
434515328
434505569
434500571
434485366
434484152
434466575
434454522
434454194
434446078
434427609
434414585
434412061
434405179
434402879
434394332
434375881
434347226
434342268
434341744
434339684
434326662
434268950
434247328
434247254
434243455
434104200
434093694
434086941
434075193
434073920
434058389
434014044
433974871
433942622
433941415
433941176
433916320
433912158
433907484
433850025
433838736
433790640
433790362
433761577
433747445
433685869
433663227
433656411
433607928
433599504
433594517
433523979
433510841
433508446
433506261
433466238
433460944
433414063
433412967
433349969
433330370
432848221
432801004
432790114
432620459
432484507
432184335
432161222
432097363
431657160
431529476
431243484
431131480
431011972
430900965
430890465
430841140
430717745
430666624
430225763
430010359
430002808
429901110
429856602
429771892
429561524
429554659
429522284
429144485
428976931
428718171
428636050
428616550
428613661
428612215
428477001
428290555
428277919
428143015
427652059
427571589
427537640
427529808
427524603
427413659
427409934
427273259
427243776
427127639
426967545
426916227
426897313
426568663
426456458
426068760
425987761
425712664
425545226
425472675
425311049
425287323
425166767
425136372
425106256
425055780
425038198
425019758
425008218
424976508
424634739
424449655
424069724
423953947
423756687
423507106
423492118
423284529
423210686
423105544
423094941
423035205
422919981
422902340
422863241
422758350
422617485
422436668
422436203
422038842
421999192
421889820
421696721
421632594
421472065
421429604
421377606
421239543
421010410
420981954
420971881
420802080
420769472
420764421
420673783
420583484
420542465
420439140
420323050
420282745
420123441
419983824
419982674
419880060
419865538
419861148
419812410
419758429
419713212
419376185
419310525
419278556
419182062
419158069
418998645
418980091
418958348
418954265
418930158
418909113
418524243
418353565
418119436
418063711
417930258
417917366
417911607
417905249
417897381
417787117
417624785
417600546
417504874
417482073
417371637
417347858
417241283
417206423
417172954
417110841
416785842
416576584
416517087
416345638
416287857
416246488
416099916
416054523
415817752
415767487
415642524
415642409
415617137
415545877
415533364
415492306
415488200
415465061
415426369
415208384
415174560
415061687
415031232
415026309
415012193
414992626
414969361
414958318
414952209
414939100
414832857
414609451
414524152
414500891
414423540
414353228
414201611
414148151
413777956
413662635
413631245
413564819
413435166
413276495
413213119
413133678
412973597
412939317
412906453
412741273
412697680
412657726
412630822
412488583
412481040
412361302
412359151
412280531
412263459
412224012
412206455
412114072
411917985
411890529
411653596
411408466
411389107
411195389
411028231
411019254
411014214
410940103
410823678
410614285
410595773
410557403
410391501
410368659
410205298
410096351
410050710
409990680
409924214
409834215
409808929
409764835
409736816
409726783
409704441
409661401
409469044
409254808
409137946
409111319
408759782
408632941
408246513
407966798
407960937
407959836
407954240
407936281
407930138
407888065
407710171
407565473
407533391
407506594
407495948
407456684
407386724
407326704
407274545
407107008
407081630
407081579
407034476
406733983
406728123
406701514
406689803
406606545
406567821
406561052
406547509
406466008
406361644
406300042
406234202
406160669
406020798
406005271
405996576
405861023
405849092
405693329
405445451
405436323
405386467
405369182
405340693
405340673
405285363
405100518
405034315
405024558
404989452
404979889
404946476
404763051
404393394
404234519
404217735
404126886
404051879
403862732
403842144
403826795
403820056
403761033
403729836
403551362
